33664194
33638579
33216999
33414993
33159971
33038356
33039332
33293978
32712027
32690386
32624406
31764739
31505481
31530431
31495517
31329302
31363421
31337542
31327634
31170698
31101954
31098743
31026556
31139219
31015167
30935571
30638911
30284370
30479624
30243670
30095077
30534019
29934109
29891205
29616659
29516866
29383721
29305151
29254585
29146103
29799578
29204168
28927732
28951751
29280466
28532608
28295403
28344609
28139418
28344605
28291934
27929515
27804922
27787758
27895688
27895687
27553611
27504131
27184646
27403016
